kraken: -4415.41699, -995.66217, 2054.45312, 0, 0, -1, 0, 1, 0, 1, 0, 0
tempest: -4927.61865, -594.829651, 1856.89734, 0.751858234, -0, -0.659324884, 0, 1, -0, 0.659324884, 0, 0.751858234
abysalSpecter: -3804.09668, -566.402893, 1870.32849, 1, 0, 0, 0, 1, 0, 0, 0, 1
champions: -4277.4541, -602.719604, 1839.05908, -0.997859359, 0, 0.0653970614, 0, 1, 0, -0.0653970614, 0, -0.997859359
depthseeker: -4466.24609, -596.11145, 1875.07166, 0.93894881, -0, -0.344056875, 0, 1, -0, 0.344056875, 0, 0.93894881
leviatansFang: -2297.67651, -11185.3018, 7138.99023, 1, 0, 0, 0, 1, 0, 0, 0, 1
